Gene	baseMean	log2FoldChange	lfcSE	stat	pvalue	padj
Xetro.A00137	Xetro.A00137	57.0243155198151	5.03673344144845	1.080625691346	4.6609417875072	3.14765747988837e-06	0.00083834709319347
cyb561	cyb561	1026.95822587749	4.37502759384668	0.852086598215505	5.13448703806531	2.82914590328239e-07	0.000129916331013833
lonrf3	lonrf3	2131.39261609568	4.07259201478928	0.504483844037446	8.07278976903566	6.87098561857936e-16	1.83001830965243e-12
adam19	adam19	17.7969156817675	3.838463392963	1.1142938166782	3.44474979176118	0.00057158822640312	0.0402742878889436
chad	chad	120.515523844751	2.98195200574276	0.805763352668086	3.70077888981767	0.000214938705545616	0.0193401266334525
Xetro.A02968	Xetro.A02968	102.330852659868	2.61328410585378	0.385747411525147	6.77459920086442	1.24751612354227e-11	1.66131722172124e-08
rasl11a	rasl11a	70.0448641334994	2.55320745405041	0.799681958324627	3.19277861338713	0.00140910934350222	0.0756657626105607
Xetro.E01322	Xetro.E01322	384.323975725928	2.32830233856404	0.495675827396377	4.69722792574706	2.63716117809716e-06	0.000747214370398296
prc1.2	prc1.2	1024.71856316671	2.16124845233096	0.205910909137385	10.4960366664641	9.00833858117171e-26	5.99820224427318e-22
ifrd1	ifrd1	923.700315518751	2.14906648144669	0.44456883741077	4.83404661011139	1.33785240401053e-06	0.000445404511605207
arhgap11a.2	arhgap11a.2	235.393740108438	2.0837649076932	0.251761681608615	8.27673573825499	1.26597747214633e-16	4.21475549914318e-13
agr2	agr2	2210.75009882132	2.06801309884311	0.45954362447748	4.50014533700588	6.79070171029424e-06	0.00141299647931232
hoxb6	hoxb6	323.385877259323	2.06005994405483	0.617715784870277	3.33496406359027	0.000853104233007039	0.0530877993969847
Xetro.F01743	Xetro.F01743	24.8862405498168	2.05165384828481	0.441217356514299	4.64998445322564	3.31960051324728e-06	0.000866806275194394
Xetro.G00737	Xetro.G00737	22.5834435243077	2.03661649390662	0.63498425186386	3.2073496121023	0.00133964082563447	0.0725203124998952
btg4	btg4	169.920728910572	1.80175817171902	0.482133849045543	3.73704973273683	0.00018619210705346	0.0173920404175824
slc25a28	slc25a28	1338.32049362078	1.67667795275006	0.259974806393054	6.44938629251291	1.12303981524137e-10	1.15042470919764e-07
pif1	pif1	230.789835752237	1.51909403427893	0.393820258580662	3.85732831458134	0.000114633142962692	0.0126162773953237
dmrta2	dmrta2	181.589533561799	1.48383465131469	0.384596628754691	3.85815823742213	0.000114244677033917	0.0126162773953237
znf385b	znf385b	34.4483400554396	1.46176228058478	0.398051841104805	3.67229121846947	0.000240385522671605	0.0209229673556717
dusp28	dusp28	26.3771059142167	1.45638270110437	0.466890875016065	3.1193214068582	0.00181268112142044	0.0900726054758336
c2orf44	c2orf44	522.238608038207	1.44892211735529	0.256329542102622	5.65257560821926	1.58061232536038e-08	1.16938968537912e-05
degs1	degs1	1577.50426667784	1.43350598620683	0.187379649068532	7.65027575477279	2.00548780880762e-14	3.8152973071273e-11
c1orf93	c1orf93	1543.49817095567	1.37481598033958	0.298084478598988	4.61216896230652	3.98488863765464e-06	0.000949902431579322
prnp	prnp	171.365388070096	1.36988969369905	0.365847371482923	3.74442950935071	0.000180804128257771	0.017198346971491
Xetro.A03025	Xetro.A03025	987.858947926506	1.34042344716809	0.33686991900025	3.97905355024321	6.91901567653808e-05	0.00930712442065228
jph1	jph1	341.902946475123	1.30686894909918	0.197385670644987	6.62089068993097	3.57040929527325e-11	4.32246732592308e-08
fos	fos	77.3545648786828	1.29645782063817	0.251148733799226	5.16211171374882	2.44179488747228e-07	0.000116133508987387
nfil3	nfil3	221.398654244259	1.25540030664004	0.359847146612322	3.4887043525526	0.000485367659831249	0.0359091173665152
itga5	itga5	2469.22321570505	1.24046341014689	0.163451885510941	7.58916549827049	3.21972312050103e-14	5.12172851083665e-11
fancd2	fancd2	71.4159790029108	1.24025797358476	0.324834223430047	3.81812593663443	0.000134469281201963	0.0142121223632265
sort1	sort1	454.055958873132	1.23867342809241	0.260839327730705	4.74879857600016	2.04628617296084e-06	0.000612841973377355
bloc1s1	bloc1s1	124.576180630219	1.19177544032422	0.347925865663172	3.42537177583105	0.000613958660922479	0.042363147603651
snai1	snai1	6113.17279849616	1.17851282484648	0.155481133176516	7.57978026509835	3.46140696835097e-14	5.12172851083665e-11
c5orf24	c5orf24	67.5208646795311	1.16431450702242	0.323740709830111	3.59644144733423	0.000322600156332228	0.0261955261090017
Xetro.K00823	Xetro.K00823	95.7575185445351	1.14170807029255	0.28354773147231	4.02651103701049	5.66105833919212e-05	0.00805068125956683
snai2	snai2	899.760025695626	1.13702266120793	0.328090066331326	3.46558088125622	0.000529087358824342	0.0380857100403446
Xetro.D02419	Xetro.D02419	1694.78149424586	1.13636812831033	0.370308007711544	3.06871065341779	0.00214984701455799	0.0990640577607915
tdgf1	tdgf1	1593.78071074275	1.13492395759299	0.351116581477481	3.23232800005425	0.00122786029207698	0.0672897757596262
hvcn1	hvcn1	49.6029885130243	1.13174672061174	0.340337849983517	3.32536249102635	0.000883036463751089	0.0544416508693206
trim29	trim29	4667.02908142131	1.11369808144458	0.29240919098708	3.80869724951221	0.000139700880174557	0.0144216792347642
mrps15	mrps15	517.182786878796	1.10156202640192	0.260523138186476	4.22826945072899	2.35495660637258e-05	0.00418146095027516
arhgef40	arhgef40	500.567689455405	1.09791043348243	0.314415918354649	3.49190473315676	0.000479589267277335	0.0356798339236439
mespa	mespa	314.106615939934	1.09226366788525	0.236847792738179	4.61166918744597	3.99448345486536e-06	0.000949902431579322
kbtbd10	kbtbd10	1633.82312640205	1.08842542277154	0.33295781260826	3.26895895382435	0.00107943959240328	0.0624995524001499
atg4a	atg4a	110.387779803794	1.08087586960661	0.275160292227315	3.92816805381816	8.55953918656716e-05	0.0106530264810762
brd2	brd2	3724.59245906151	1.07195586262806	0.274668018778847	3.90273271491123	9.51127170106736e-05	0.0112878523899152
znf329	znf329	343.411858507897	1.04390504688029	0.324966754303347	3.2123441338428	0.00131656566407795	0.0715620610143921
Xetro.K01092	Xetro.K01092	222.75576232377	1.04324174576689	0.315927487985731	3.30215567001882	0.000959448062802256	0.0567865326770562
abhd6	abhd6	54.1955558217998	1.04036174229321	0.334147271458435	3.11348268011405	0.00184893361628019	0.0908570072620048
Xetro.K03038	Xetro.K03038	70.4888502878633	1.03789960865575	0.307744261819937	3.37260426081652	0.000744608893457786	0.0481357118163948
rrm2.2	rrm2.2	9204.97451935249	1.02896365563168	0.285455477954692	3.60463797368429	0.000312588352685138	0.0256959203253579
acpl2	acpl2	564.932426313197	1.02813666833427	0.24552309032558	4.18753554694546	2.81999864037159e-05	0.00487713271348422
wdr47	wdr47	165.220374877705	1.01678712193524	0.258227968211542	3.93755614071316	8.23156771206772e-05	0.0105256190245831
xkr9	xkr9	172.612704896894	-1.00560073076085	0.324715668831527	-3.09686543424114	0.00195578633827544	0.0933519952215558
tmeff1	tmeff1	436.77122482402	-1.00659593033369	0.302297919206185	-3.32981428710111	0.000869039259298629	0.0538278875166504
caskin2	caskin2	571.363767867365	-1.00660400623166	0.324533777352792	-3.10169257093202	0.00192417674726234	0.0925063600840885
tp63	tp63	1754.9759680921	-1.01479026175424	0.327379132932463	-3.09974020843775	0.00193690449415093	0.092783299095712
insm1	insm1	417.556801633446	-1.01754939121123	0.328925990252752	-3.09355119803495	0.00197776424666832	0.0940638802602927
hiat1	hiat1	948.200826006308	-1.04383375297611	0.188442367643892	-5.53927317952555	3.03729545133294e-08	1.92607921549527e-05
alg5	alg5	410.368868276022	-1.06196897139992	0.252229206550126	-4.21033307730312	2.54994468846202e-05	0.00446810702845378
fscn1	fscn1	3606.24904928118	-1.0704206194058	0.211281557304374	-5.0663230291499	4.05573448127099e-07	0.000174226503506728
smn2	smn2	729.232025059924	-1.0840852035189	0.213629231687919	-5.07461078689169	3.88289952357987e-07	0.00017236190985171
erbb3	erbb3	343.404499062837	-1.08528112460106	0.304938198225033	-3.55901992901577	0.000372241288232607	0.0292304051862597
prpsap1	prpsap1	214.697672906436	-1.09095527781208	0.355355449675199	-3.07003953030474	0.00214030440527059	0.0989667839062099
nol6	nol6	1167.09048651324	-1.09209015410046	0.292706491710059	-3.73100763061392	0.000190715446340055	0.0175155696476587
Xetro.A00693	Xetro.A00693	690.115747285163	-1.11024335121039	0.295175291905739	-3.76130178119697	0.000169031344652318	0.0164305869834665
txndc9	txndc9	535.508593445169	-1.11141195849313	0.295012662053693	-3.76733646195448	0.000164998557893074	0.0161984015343894
kcnk5	kcnk5	552.914156326861	-1.11452890678877	0.235357303776593	-4.73547618410307	2.18541368456466e-06	0.000632677261681468
micu1	micu1	274.820651099395	-1.11811694049991	0.20913641605645	-5.34635221155414	8.97444934878552e-08	5.05277600640713e-05
cct3	cct3	1174.72159038658	-1.1405798055387	0.274883570356481	-4.14931967035915	3.33464862306121e-05	0.00541097655831521
ankrd39	ankrd39	147.838508939081	-1.16715278109577	0.341732936800039	-3.41539446570441	0.000636897040782161	0.0437193705778146
cdk5	cdk5	150.333150432815	-1.17814129392146	0.289618494249816	-4.06790766927071	4.74371693516562e-05	0.00717864527563642
cd276	cd276	210.215621810015	-1.18485799174482	0.356947073453127	-3.31942206524467	0.000902039794616188	0.0548514335383734
gapdh	gapdh	7358.01039942821	-1.2056172167154	0.319812392106735	-3.76976391932003	0.000163402037900313	0.0161984015343894
Xetro.A00692	Xetro.A00692	64.2999942354859	-1.21256140558238	0.368979135873978	-3.28626008272869	0.00101527220418404	0.0592999120312233
pabpn1l	pabpn1l	125.054596362721	-1.21967204436811	0.285862387936769	-4.26664050899168	1.98438532829321e-05	0.00367028603012231
gps2	gps2	138.82728892497	-1.22581902263539	0.305474031902615	-4.01284199183967	5.99920721960868e-05	0.00832202526495091
rbm23	rbm23	267.894368741314	-1.22990133903564	0.270272774383732	-4.5505927921894	5.34949888518264e-06	0.0011678569943275
adh5	adh5	172.736269464348	-1.23705185145294	0.352315431473467	-3.51120541691657	0.000446079557049422	0.0341404681679721
prmt3	prmt3	376.52954541252	-1.2383838745773	0.26769719932061	-4.62606212437113	3.72683554935192e-06	0.000936420170013577
slc13a4	slc13a4	1277.55428504668	-1.25546764538433	0.317455414015824	-3.9547841679643	7.66037741622539e-05	0.00998357203288283
gins3	gins3	114.71891853269	-1.25564997490725	0.391865689130947	-3.20428659547086	0.00135397623926261	0.0729996015314175
fuk	fuk	163.719007847056	-1.26198792517275	0.360295315106706	-3.50264872247645	0.000460656537609237	0.0348554722235353
galnt5	galnt5	317.930837734294	-1.26701458894228	0.399689503218643	-3.16999715714122	0.00152440429055537	0.0789902410012677
Xetro.K02408	Xetro.K02408	85.3940542949798	-1.26810378359432	0.326563341326431	-3.88317861534473	0.000103099775023975	0.0120436816139848
nexn	nexn	852.628123293438	-1.30726299315241	0.374228956972666	-3.49321710358157	0.000477238342360558	0.0356798339236439
Xetro.G01392	Xetro.G01392	184.751157845223	-1.31528854149841	0.336692337950968	-3.90649977217467	9.36427316015547e-05	0.0112878523899152
nkiras1	nkiras1	35.4838910022685	-1.35852938740525	0.350511789915167	-3.87584505426779	0.000106255286483818	0.0120940311974787
Xetro.K00726	Xetro.K00726	319.24095646766	-1.36261810385439	0.407572125073452	-3.34325637114858	0.00082801364568251	0.0522590413249004
zfyve21	zfyve21	367.348041498845	-1.37145342554425	0.208146122120291	-6.58889731681701	4.43105093736957e-11	4.91735877774589e-08
eif2b3	eif2b3	369.594465326632	-1.37518662166174	0.221629928170748	-6.2048778024341	5.47394193186463e-10	5.20689176476009e-07
slco4c1	slco4c1	439.701870381404	-1.38062835347565	0.392212345631529	-3.52010427222173	0.000431377174388553	0.0333991269263509
tnfrsf21	tnfrsf21	175.133916273008	-1.41810921473868	0.371633782537667	-3.81587810735411	0.000135699484638675	0.014229212889238
egflam	egflam	1120.06878011623	-1.42898250643624	0.44828297312869	-3.18767964007862	0.00143419339223251	0.0764652492851967
arv1	arv1	75.554154064533	-1.43020187739167	0.241351898687853	-5.92579501204335	3.10790083202247e-09	2.75919435866955e-06
emb	emb	311.005431477423	-1.45838319556136	0.415732334872495	-3.50798596411474	0.000451512871078822	0.0343588394523239
pitpnb.2	pitpnb.2	369.128896853448	-1.46223401665627	0.259353760729581	-5.63799041333698	1.72046084257553e-08	1.20169971459144e-05
cpne3	cpne3	1044.54240387498	-1.46766977000798	0.383828033879366	-3.82376908527026	0.000131427010405452	0.0140017079805553
bcs1l	bcs1l	239.965472392024	-1.49835253629321	0.442253342500445	-3.38799595684617	0.000704053021634184	0.0468793704455122
pvrl4	pvrl4	201.798838208354	-1.51339376808827	0.399178050480958	-3.79127501190214	0.000149875883038752	0.0153530548802082
c19orf53	c19orf53	328.560678072308	-1.52487944337102	0.384241644012609	-3.96854288735289	7.23134442340876e-05	0.00962998136865344
c21orf2	c21orf2	47.5455652814698	-1.53203350640927	0.423846393476141	-3.61459606591064	0.000300816260944073	0.0248818021552312
cygb	cygb	1925.54928276904	-1.57524002020488	0.381829455367331	-4.12550681478842	3.69919227925076e-05	0.00586454090271219
dlc	dlc	2211.86072054896	-1.58938045552412	0.409625756834336	-3.8800793871146	0.000104422376784127	0.0120457405941443
Xetro.A00691	Xetro.A00691	42.1555950245527	-1.60874840198721	0.43536122637061	-3.6952036712101	0.000219710593935864	0.019505906529626
Xetro.A01936	Xetro.A01936	1017.13424820109	-1.64015738313139	0.505453235043512	-3.24492409864624	0.00117481933232459	0.0652857879890207
Xetro.D01070	Xetro.D01070	1458.65052333994	-1.64066837709237	0.468622345914072	-3.50104597315384	0.000463435890672028	0.0348676596388666
Xetro.C00142	Xetro.C00142	927.379136284735	-1.64110573577433	0.326120354505748	-5.03220885510661	4.84860617630745e-07	0.000192024787913746
st3gal1	st3gal1	778.295287900158	-1.69190367041317	0.518997645463482	-3.2599447901199	0.00111433902924893	0.0640612011283563
has-rs	has-rs	1322.95471640358	-1.70571496695911	0.41025322828062	-4.15771247945517	3.21450243960162e-05	0.00541097655831521
psmb7	psmb7	925.536534725028	-1.71683297941231	0.299805239903106	-5.72649423995114	1.02527241657881e-08	8.53347048223749e-06
Xetro.J00595	Xetro.J00595	71.7718825956465	-1.74616038846389	0.569817368915387	-3.06442113512194	0.00218091666953302	0.0994632441375726
hmg20a	hmg20a	645.880266315889	-1.7782178016991	0.227087981201941	-7.83052362475229	4.85842229718537e-15	1.07832682886029e-11
Xetro.K00276	Xetro.K00276	1018.64156593198	-1.78106155986577	0.375246178726768	-4.746381604495	2.07087848629428e-06	0.000612841973377355
nr2e1	nr2e1	59.3746731600235	-1.79254286222612	0.515423241133572	-3.47780759417012	0.000505532656575724	0.0368901910971469
figla	figla	43.1577247480973	-1.80832787244046	0.36254311023481	-4.98789749795342	6.10399377930493e-07	0.000219694284213524
Xetro.D00228	Xetro.D00228	533.299345906548	-1.83570988428664	0.410905016854041	-4.46747985298683	7.91464625461721e-06	0.00159695976019299
slc27a2	slc27a2	95.4001182718762	-1.8549035719053	0.347600238023979	-5.33631272075637	9.48557484119383e-08	5.05277600640713e-05
rbm20	rbm20	1327.42048243578	-1.88133993961115	0.35302980068631	-5.32912500857922	9.86870552247548e-08	5.05467505549254e-05
cdk5r1	cdk5r1	308.756132814591	-1.89432307560357	0.5310491108473	-3.56713350405791	0.000360907631713508	0.0289530538043903
Xetro.D01520	Xetro.D01520	59.144077244794	-1.95625844435879	0.569055591508828	-3.43772818253459	0.000586616235635527	0.040777659096174
dlx3	dlx3	694.012582202744	-1.97696548936465	0.451134402914677	-4.3822095512821	1.17481729159137e-05	0.00226739737277134
myt1	myt1	1498.13788263024	-1.97871911361823	0.50306615094238	-3.93331793425487	8.37813033420295e-05	0.0105256190245831
degs3	degs3	982.731053540488	-1.98202684157843	0.41490876835547	-4.77701845018696	1.7791345525185e-06	0.000577871581363143
c5	c5	1467.93376778662	-2.03560837602228	0.547249717170443	-3.71970658394746	0.000199454352372131	0.0181926959626005
sh3d21	sh3d21	342.34256325962	-2.25794715792869	0.482013810442366	-4.68440345279001	2.80776474013235e-06	0.00077897923009047
Xetro.A00232	Xetro.A00232	60.8985963880274	-2.32887216203594	0.44959698134233	-5.17991058365826	2.21992284153817e-07	0.000109491527706533
Xetro.K00728	Xetro.K00728	628.552669677495	-2.44446065317809	0.711192866200218	-3.43712763351863	0.000587918491136547	0.040777659096174
ppl	ppl	1917.19368764138	-2.73186351331048	0.511357987597342	-5.34236988483619	9.1739218420118e-08	5.05277600640713e-05
foxi1	foxi1	647.112949937595	-2.74092389906041	0.561415919439004	-4.88216276766659	1.04928587064521e-06	0.00035829076767647
ninj1	ninj1	52.7112048417823	-2.95411192801761	0.878807291728426	-3.3615013846864	0.000775199679403051	0.0496314140894732
alpl	alpl	503.150350035165	-2.99882853339686	0.321640445302397	-9.32354303445093	1.12518806287598e-20	4.99470981110648e-17
camk4	camk4	42.2335176010152	-3.69329270282167	1.00084533876965	-3.69017325630139	0.000224101368596076	0.0196339337210128
rpn2	rpn2	1789.19444400656	-3.69537014781104	0.164089621741421	-22.5204379691626	2.61768555443868e-112	3.48597185284599e-108
