baseMean.st10	log2FoldChange.st10	lfcSE.st10	stat.st10	pvalue.st10	padj.st10	baseMean.st15	log2FoldChange.st15	lfcSE.st15	stat.st15	pvalue.st15	padj.st15
aco2	370.637870923701	0.848353571741267	0.168390762514414	5.03800540524692	4.7040816215467e-07	0.000178513694819242	370.637870923701	0.531152373027687	0.211876796169068	2.50689260283061	0.0121797712417392	0.0540976411204525
aldoa	2244.15235404981	0.76527235904788	0.172233301840466	4.44323107593169	8.86179012982449e-06	0.00163744719115265	2244.15235404981	1.42249969815878	0.161293356203141	8.8193322505312	1.15144307371375e-18	3.60516826379774e-16
alpl	503.150350035165	2.99882853339672	0.321640445303308	9.3235430344241	1.12518806316062e-20	4.64327607397614e-17	503.150350035165	1.77645468967453	0.279516177118449	6.35546288586271	2.07799918660507e-10	1.22375962584399e-08
arhgap11a.2	235.393740108438	-2.08376490769321	0.251761681608548	-8.27673573825723	1.26597747212255e-16	3.91820027621929e-13	235.393740108438	-2.14232542452242	0.26753387606199	-8.00767908743647	1.1689345087802e-15	2.01541118267341e-13
arl5c	2369.25129789654	-0.804365745004901	0.168766079544155	-4.76615767325716	1.87772335856531e-06	0.000553481313786631	2369.25129789654	-0.422144644007058	0.160393729287007	-2.63192735703324	0.00849020140281641	0.0413033259667778
arrdc2	121.883725219767	-0.992249152638236	0.252918650664349	-3.92319486930626	8.73824159079477e-05	0.0101102271863588	121.883725219767	-0.801395774211508	0.244100178193863	-3.28306099627278	0.00102686444474615	0.00789953950000048
aspg	1415.35862115292	0.543349981346595	0.154569287251491	3.51525190423205	0.000439337041855563	0.0316220498730922	1415.35862115292	-0.343300227891061	0.132923369985419	-2.58269277952191	0.00980325759662043	0.0460456038629141
atp11c	1103.56203626773	0.615853515784204	0.195610032621248	3.14837387188958	0.00164181558057664	0.0787816933625537	1103.56203626773	0.454341772927952	0.179456526098808	2.53176511774106	0.0113489985941824	0.0513938597026108
baz1a	1232.46290756849	-0.677820697471336	0.199608726265455	-3.39574682005594	0.000684416352697216	0.0432299716652629	1232.46290756849	0.701792936908892	0.185908719054443	3.77493288361249	0.000160050749856901	0.00174649505678785
btg4	169.920728910572	-1.80175817171869	0.48213384904798	-3.73704973271724	0.000186192107067957	0.0162821770915696	169.920728910572	-6.3859732996483	0.776810309305228	-8.22076280805266	2.02212845007692e-16	4.16531853762555e-14
c1orf93	1543.49817095567	-1.3748159803395	0.298084478600094	-4.61216896228917	3.98488863798729e-06	0.000899121912194741	1543.49817095567	-1.66244354502684	0.277948587154858	-5.9811188898061	2.21610043746225e-09	9.99799779494856e-08
c2orf44	522.238608038207	-1.44892211735527	0.256329542103077	-5.65257560820914	1.58061232545341e-08	1.08711003272851e-05	522.238608038207	-0.916553113228117	0.24198456590245	-3.78765112481431	0.000152078185297611	0.0016781978887049
c5	1467.93376778662	2.03560837602226	0.547249717170746	3.71970658394536	0.000199454352373788	0.0170292750509483	1467.93376778662	1.46980642661976	0.220594724434042	6.66292646114132	2.68427996431565e-11	1.90146619191681e-09
c5orf24	67.5208646795311	-1.16431450702245	0.323740709828709	-3.5964414473499	0.000322600156312813	0.0245017787432676	67.5208646795311	0.643596025121588	0.270450045538375	2.37972237660528	0.0173256856551526	0.0705419008924354
calr	17759.6029164983	0.742270194222843	0.160341641615004	4.62930394591509	3.66896906372769e-06	0.000887273540433241	17759.6029164983	0.635145728700926	0.149772114545738	4.24074755589408	2.22776580387588e-05	0.000335665771507959
capza2	1843.88116054163	0.643590936998801	0.153805050918937	4.18445904834429	2.85845969160183e-05	0.00459580921844554	1843.88116054163	0.52658664720458	0.144954304268795	3.63277689380033	0.000280387438495402	0.00279405814745099
caskin2	571.363767867365	1.00660400623157	0.324533777353872	3.1016925709214	0.00192417674733136	0.0872575389449167	571.363767867365	1.77073178668956	0.280012397551585	6.32376209829548	2.55270639834034e-10	1.45848973233642e-08
cct3	1174.72159038658	1.14057980553866	0.274883570357328	4.14931967034621	3.33464862324963e-05	0.00509159835383559	1174.72159038658	0.585616392217484	0.256394234815029	2.28404664652451	0.0223687896624245	0.0857934795495658
cd276	210.215621810015	1.18485799174477	0.356947073453984	3.31942206523657	0.000902039794642343	0.0514619938141576	210.215621810015	1.17494550152023	0.337204213574332	3.48437372435512	0.000493290169415472	0.00442294249839589
cdc37	1050.75457971423	0.741471533314604	0.191447733015499	3.8729710800732	0.000107516589872194	0.0113765417317757	1050.75457971423	0.907123888008978	0.181396630162694	5.0007758534179	5.7100066001783e-07	1.43024245321266e-05
cdc6	8687.59763003747	-0.696418347602855	0.188283447568411	-3.69877626842274	0.000216641457942744	0.0181217651981836	8687.59763003747	-0.853597327028721	0.17693332360189	-4.82440113400775	1.40424550406499e-06	3.1813984610908e-05
cdh26	743.177122758366	0.913838445457402	0.296171140757204	3.08550807185684	0.00203204708438396	0.0898455103738335	743.177122758366	-0.558628902157673	0.221994183769053	-2.51641233420255	0.0118556390146553	0.0530134329547067
cenpl	716.584146676124	-0.611212933222771	0.151675212722862	-4.02974831714638	5.58366041768992e-05	0.00756470127169452	716.584146676124	-0.38755893687535	0.150692827364057	-2.57184727139701	0.0101157506325063	0.047042613318082
cep85	704.946459684448	0.860764816097848	0.152895874722984	5.6297451952669	1.8047604031836e-08	1.11714668957065e-05	704.946459684448	0.396122695610039	0.14908501500888	2.65702556079459	0.00788334655720777	0.0390673600357985
chad	120.515523844751	-2.98195200574225	0.80576335266921	-3.70077888981187	0.000214938705550526	0.0181016406443232	120.515523844751	-3.02704566524055	0.507457388914556	-5.96512284847276	2.44450055352811e-09	1.09652309929749e-07
chd8	2609.97144520043	0.696923687636245	0.191224695108406	3.64452764451347	0.000267883342057985	0.021258947273576	2609.97144520043	0.517877283669206	0.17885226250648	2.89555902962336	0.00378483838354583	0.0219044897946063
cir1	505.03402743821	0.707584337658297	0.200901172982347	3.52205179867453	0.000428220463765434	0.0311845255377416	505.03402743821	0.772919515266797	0.194757617477808	3.96862276955543	7.22892117953688e-05	0.000906800970077323
cpne3	1044.54240387498	1.4676697700079	0.383828033881132	3.82376908525244	0.000131427010414953	0.0131215031365897	1044.54240387498	1.34165210397117	0.320278120416486	4.18902203568107	2.80159197579941e-05	0.000407610802798697
cpsf7	2735.61449383707	-0.483594475059321	0.128847233496513	-3.75323910289784	0.000174564203564495	0.0157744878841493	2735.61449383707	-0.710345675627932	0.121098112696773	-5.86586908589256	4.46786218611447e-09	1.8802253366565e-07
cse1l	790.6753325054	0.567203507089587	0.170770992273642	3.32142771754061	0.000895581765250822	0.0513301030268758	790.6753325054	0.432882589176231	0.160619111012968	2.69508769190785	0.00703701084274824	0.0356519109201371
ctdsp2	3426.94076441597	0.512233860324244	0.0900294801242068	5.68962366124468	1.273196590768e-08	9.27186693747519e-06	3426.94076441597	0.729139067304043	0.0841809753269558	8.66156592356045	4.65327292669734e-18	1.27801732749907e-15
cyb5r4	217.158314056358	0.701550651724635	0.20349822707707	3.44745338473606	0.000565898052673336	0.0376359695657229	217.158314056358	1.04985037059005	0.238695779069991	4.39827790286235	1.09113207805047e-05	0.000182301736199361
cygb	1925.54928276904	1.57524002020488	0.381829455367676	4.12550681478472	3.69919227931028e-05	0.00551759041179052	1925.54928276904	-0.584829951494047	0.192195458174704	-3.04289163255066	0.00234316697671822	0.0150893784535268
dars	414.447874300362	0.860535056025078	0.24183316601624	3.5583831208962	0.000373144768470175	0.0273345102583477	414.447874300362	0.755859903303625	0.225196994333945	3.35643868400286	0.000789532257500665	0.00648485177920929
dbf4b	1058.75475302706	-0.475451216097072	0.116708032657926	-4.0738516901457	4.62419353464328e-05	0.00666357323367338	1058.75475302706	-0.281314199284518	0.109305948814401	-2.57364034012625	0.0100634824479594	0.0469019999174769
dbn1	1538.92337333712	0.489706433623666	0.109915690568693	4.45529142463621	8.37793120675254e-06	0.00157149679302419	1538.92337333712	0.395770249031277	0.102445018722124	3.8632454165954	0.000111890495533972	0.00130137125377737
degs1	1577.50426667784	-1.43350598620682	0.187379649068585	-7.65027575477059	2.00548780884199e-14	3.54684843906626e-11	1577.50426667784	-0.973226739076342	0.174850598031355	-5.5660475287698	2.60582196100609e-08	8.95724965555693e-07
dmrta2	181.589533561799	-1.48383465131468	0.384596628754739	-3.85815823742162	0.000114244677034154	0.0118263192496102	181.589533561799	1.50156274752837	0.268728797004902	5.58765106034012	2.30161524980068e-08	8.04280953920303e-07
emb	311.005431477423	1.45838319556133	0.415732334872673	3.50798596411316	0.000451512871081493	0.0321248812872925	311.005431477423	0.772942399899551	0.240013821998986	3.22040786427215	0.00128008332643925	0.00943933324324376
enoph1	247.271502431971	-0.721695119238423	0.226897540118341	-3.18070931426587	0.00146914963811546	0.0730444679512828	247.271502431971	-0.848733146564715	0.217602058585526	-3.90039116395182	9.60373928052988e-05	0.00115119860977561
erbb3	343.404499062837	1.08528112460105	0.304938198225494	3.55901992901037	0.000372241288240262	0.0273345102583477	343.404499062837	0.675358210104436	0.245848267469247	2.74705295691749	0.00601334241085046	0.0314299573864113
etv6	722.808097554627	0.761224107427717	0.21009112434315	3.62330445804259	0.000290863113530989	0.0227904135792003	722.808097554627	-0.655408496733432	0.196985569977663	-3.32719039677755	0.000877264116790442	0.00704295083232273
fam195b	1141.0579246905	-0.583438239247066	0.176110644771866	-3.31290729190648	0.000923315800142268	0.0517223964061596	1141.0579246905	-0.739606556881983	0.164780362893626	-4.48843869435727	7.1747064510439e-06	0.000128384833493063
fancd2	71.4159790029108	-1.24025797358482	0.32483422342916	-3.81812593664502	0.000134469281196191	0.0133178376096708	71.4159790029108	0.911717879815236	0.320310657931812	2.8463551156931	0.00442228480230461	0.0249121513422377
fez2	296.347913987073	0.804656274330863	0.24729017485649	3.25389504373892	0.00113834328783124	0.0607443530316841	296.347913987073	0.865548323368882	0.264513919220959	3.27222221771193	0.00106705671422959	0.00814469666565784
fgfr4	5681.3907364349	-0.848462538938762	0.225191240484278	-3.76774219598474	0.000164730692238414	0.0151702083358206	5681.3907364349	-1.8635679362016	0.210811938755572	-8.83995445040864	9.57576338094066e-19	3.11178314561258e-16
flna	7066.87494499284	-0.840217860186467	0.184419981216668	-4.5560023086616	5.21363633889422e-06	0.0010939799639917	7066.87494499284	0.907638256799281	0.172349444973658	5.26626736127874	1.39225479941181e-07	4.0587986750078e-06
fos	77.3545648786828	-1.29645782063825	0.251148733797571	-5.16211171378316	2.44179488702423e-07	0.000107962216790571	77.3545648786828	-1.80402973916219	0.263158437188618	-6.85529887787394	7.116357713491e-12	5.54261592063192e-10
foxh1	2178.3139361838	-0.893148977912908	0.193384072869402	-4.61852398008019	3.86479322355899e-06	0.000899121912194741	2178.3139361838	-0.676017923809456	0.182544350017891	-3.70330784679559	0.000212806383138573	0.00221803190947694
foxn3	1921.91205391371	-0.634419801592193	0.169126786375196	-3.75114915377612	0.000176025940835946	0.0157913126633986	1921.91205391371	-0.34884406087866	0.157937679008795	-2.2087450130202	0.0271923816195253	0.0981999386975014
fscn1	3606.24904928118	1.07042061940579	0.211281557304759	5.06632302914059	4.05573448146931e-07	0.000161967718969645	3606.24904928118	0.760732877026204	0.198945868021731	3.82381843157009	0.000131400695714905	0.00148740266913726
galnt5	317.930837734294	1.26701458894214	0.399689503219473	3.16999715713427	0.00152440429059186	0.0742997051871152	317.930837734294	0.883375640231548	0.300735548777868	2.93738350461533	0.00330994503046905	0.0197323646047193
gata2	4319.36013637182	-0.603143425843596	0.175016041257668	-3.44621796670407	0.000568491624296461	0.0376359695657229	4319.36013637182	-0.916549313187121	0.16302732922295	-5.62205930475426	1.8869445988342e-08	6.71366311244304e-07
gmnc	37.215637420167	1.46155461238586	0.477940125888066	3.05802868020367	0.00222798251494571	0.0954409118859098	37.215637420167	-2.03805736795178	0.707299350022419	-2.88146365168749	0.003958328871239	0.0227599970124195
golph3	993.222143404022	-0.618534126757833	0.182002570350726	-3.39849116177806	0.000677586522915007	0.0430180571983989	993.222143404022	-0.715799128480853	0.170970931035625	-4.18667152448098	2.83075029979053e-05	0.000411089016170879
got2	960.229569865792	-0.999946427162555	0.221098487926565	-4.52262897200218	6.10762479352716e-06	0.00123954745809617	960.229569865792	-1.98356257804987	0.211681070751393	-9.37052411445635	7.21732374581525e-21	3.22820580687822e-18
gpbp1	579.779816273554	-0.990633442694892	0.231675871447827	-4.27594568439115	1.90327626541169e-05	0.00336608002368525	579.779816273554	-1.83983096483158	0.228847285926151	-8.03955772245992	9.01633065313672e-16	1.62242133764202e-13
gpi	521.08971402595	-0.587146889052434	0.177065713446619	-3.31598296261599	0.000913213959937182	0.0516236932603758	521.08971402595	-1.4369402370605	0.2059734095252	-6.97633854958688	3.02972140463348e-12	2.6204579331236e-10
gtf3a	568.293763369153	-0.740737952937214	0.221937978967357	-3.3375898815685	0.000845083841186183	0.0498145040891645	568.293763369153	-0.837205059305045	0.204605081107784	-4.09180971837163	4.28019801156433e-05	0.000589327175646787
has-rs	1322.95471640358	1.70571496695887	0.410253228282719	4.15771247943333	3.21450243990895e-05	0.00509159835383559	1322.95471640358	-1.88440854340646	0.38277780281844	-4.92298281021346	8.52349423117804e-07	2.03407472849226e-05
hdac3	457.022414792808	0.746651458373968	0.204186556217286	3.65671213720562	0.00025547099835846	0.0204047158688886	457.022414792808	0.550824067487056	0.189100062975718	2.91287088337875	0.0035812264370315	0.0209585420081227
hmg20a	645.880266315889	1.77821780169908	0.227087981202192	7.83052362474356	4.85842229752274e-15	1.00245446738886e-11	645.880266315889	0.722106242302789	0.215129146588458	3.35661742610906	0.000789022075427974	0.00648406330227031
ifrd1	923.700315518751	-2.14906648144633	0.444568837413086	-4.83404661008537	1.33785240418548e-06	0.000414065319095407	923.700315518751	-1.45024502114049	0.41548484909538	-3.49048833982288	0.000482138651804767	0.00433288208611
ikbip	386.315413391716	0.562092083680092	0.161537942499097	3.47962884127507	0.000502108871349246	0.0344829848725373	386.315413391716	0.711209975321204	0.154657127172552	4.59862399052391	4.25290572314711e-06	8.3328209131249e-05
jph1	341.902946475123	-1.30686894909919	0.197385670644605	-6.62089068994388	3.57040929496149e-11	4.01833337014757e-08	341.902946475123	1.11902652961933	0.208148642873212	5.37609332529232	7.61193478836874e-08	2.35503634608523e-06
kcnk5	552.914156326861	1.11452890678875	0.235357303776871	4.73547618409741	2.18541368462563e-06	0.00058816133512316	552.914156326861	0.642904388294862	0.221550729685019	2.90183827969732	0.00370980000469283	0.0215819097262974
kiaa1324	831.89336480371	0.909203036801268	0.280340624053792	3.2432082930186	0.00118191770159313	0.0612223478900542	831.89336480371	0.772329387260859	0.225975715267815	3.41775392256435	0.000631401658038654	0.00539552017281393
klf10	546.355559415169	-0.874337607353314	0.274308883735778	-3.18741994588663	0.00143548188944257	0.0719484444991864	546.355559415169	-1.19846917469182	0.2462133287099	-4.86760477579145	1.12958946957747e-06	2.61593537666203e-05
lmnb3	1502.21928936845	-0.786532687191287	0.23124586729877	-3.40128321590754	0.00067070301440531	0.0428005325687512	1502.21928936845	0.509451947416321	0.217890750732131	2.3381072657032	0.0193816844058797	0.0767569616428149
lonrf3	2131.39261609568	-4.07259201478826	0.504483844040388	-8.07278976898656	6.87098562134345e-16	1.70125603984464e-12	2131.39261609568	-2.74632332445853	0.46975483181631	-5.84629074242803	5.02655188054279e-09	2.08176374840998e-07
lpin2	536.435376402897	0.975794558644931	0.273722898590992	3.56489926004694	0.0003639959690444	0.0271462054022269	536.435376402897	0.767897075893834	0.215420674737401	3.56463963744384	0.000364356436759875	0.00344059206055843
mat2a	4265.7459182409	0.594928121327682	0.162242240844655	3.66691262540757	0.000245496632903607	0.0197353786710821	4265.7459182409	0.48215294406965	0.151941133859841	3.17328778469177	0.00150723043290653	0.0107058495585988
mcoln1	1431.60513942962	0.52884832279111	0.15955983271272	3.31442013820155	0.000918334085636778	0.0516771635462878	1431.60513942962	0.817989592798095	0.157040591715306	5.20877808637529	1.90088294078322e-07	5.36185989873178e-06
micu1	274.820651099395	1.11811694049993	0.209136416056015	5.34635221156538	8.97444934822849e-08	4.69725666128693e-05	274.820651099395	0.499622174111374	0.192355751396936	2.59738619970025	0.00939362412707489	0.0445357921591028
mov10l1	379.705811311695	-0.728743840655696	0.2296358621993	-3.17347575276906	0.00150625482559435	0.0739977569081668	379.705811311695	-1.68910600719477	0.310344230993165	-5.44268537484743	5.24832973184508e-08	1.69757442049658e-06
ndor1	202.831210522936	0.81225428294569	0.210207590827971	3.8640578094557	0.000111518810632163	0.0117000243697134	202.831210522936	0.596951346710885	0.254127385654833	2.34902407378358	0.0188226897927204	0.0751132318901449
ndufab1	961.41076000594	-0.815573067805215	0.25692650784901	-3.17434380217595	0.00150175694670431	0.0739977569081668	961.41076000594	-0.911762621194215	0.239426903483575	-3.80810430209971	0.000140036208995079	0.00156478718902067
ngfr	7088.79827373811	0.700393444998661	0.152444517488831	4.59441544068631	4.33964054535535e-06	0.000930245168992822	7088.79827373811	-0.537856999509951	0.1406755502361	-3.82338649898472	0.000131631199123381	0.00148786023269064
nin	874.330416389261	-0.769027169316537	0.211355273970586	-3.63855206860635	0.000274175199852084	0.0216196749947057	874.330416389261	-0.486780088392215	0.208295060330471	-2.33697375069726	0.0194405489993902	0.0769122553918254
nr2e1	59.3746731600235	1.79254286222621	0.515423241132842	3.47780759417523	0.000505532656566092	0.0344829848725373	59.3746731600235	1.09296009654079	0.319518757575836	3.42064454942487	0.000624729259968426	0.00535311251494565
nup35	3222.0938674356	-0.812501996407096	0.219436581106118	-3.70267342077379	0.000213339433022173	0.0180900149370856	3222.0938674356	-0.744656196872631	0.207288004903242	-3.59237476003603	0.00032767814914783	0.00315485942491345
pcolce2	485.630305212503	0.932477398846636	0.281159785191411	3.3165390214387	0.00091139858980332	0.0516236932603758	485.630305212503	-0.671721716414879	0.179802689150928	-3.73588248088453	0.000187058018458091	0.00198939760799009
pcyox1	583.088772428575	0.574512902513948	0.14384267065842	3.99403667829716	6.49578083408709e-05	0.00833366059244185	583.088772428575	-0.696034722038443	0.154604035353421	-4.5020475723504	6.73019119516371e-06	0.000122370665691391
poll	329.144209599875	-0.655101636748499	0.198053850107664	-3.30769453051471	0.000940673546322393	0.0524573806462668	329.144209599875	-0.759371765053067	0.178085202891775	-4.26409242723297	2.00716353048839e-05	0.000306856885447224
polrmt	416.205654601018	0.647662600681617	0.194126093672339	3.3362985285986	0.000849019415413061	0.0498145040891645	416.205654601018	0.956612604682254	0.17823208185626	5.36723015699126	7.99550010687696e-08	2.44950203861367e-06
pqlc3	162.510250324279	0.771205250859435	0.20640959960793	3.73628577510116	0.000186758412520427	0.0162821770915696	162.510250324279	-0.695216680437175	0.204278032816244	-3.40328654458185	0.000665804144113356	0.0056310987985384
prmt3	376.52954541252	1.23838387457727	0.267697199321007	4.62606212436416	3.72683554947726e-06	0.000887273540433241	376.52954541252	1.44028139104785	0.253139423494355	5.68967634976054	1.27280381914978e-08	4.80138404549153e-07
prpsap1	214.697672906436	1.09095527781204	0.355355449675469	3.0700395303023	0.00214030440528807	0.0932991849910786	214.697672906436	0.63307917302526	0.267072103151779	2.37044290869075	0.0177667875955757	0.0718891340937547
ptma	13841.5795831557	0.620102663307244	0.154463098049725	4.01456834115563	5.95546864776333e-05	0.00781791425029432	13841.5795831557	0.377983716582096	0.144246825743989	2.62039538570468	0.00878278725036461	0.0423581436859082
rab4b	343.171814970356	0.751613454418475	0.188241926927569	3.99280578288851	6.5296048260651e-05	0.00833366059244185	343.171814970356	0.40035344369027	0.177500037689825	2.2555118798897	0.0241012174491951	0.0905893299320887
rad51ap1	535.426331074804	-0.642928445587171	0.172279722226182	-3.73188694107066	0.000190050801417099	0.0163962307347945	535.426331074804	-0.414007545598747	0.160399272900699	-2.58110612418457	0.00984843018134447	0.0462161794031618
rasl11a	70.0448641334994	-2.55320745405053	0.799681958324455	-3.19277861338797	0.00140910934349812	0.0712031578469663	70.0448641334994	-2.63196125003823	0.353574819484214	-7.44385941814994	9.77855602989771e-14	1.18669220657402e-11
rbm23	267.894368741314	1.22990133903563	0.270272774383983	4.55059279218512	5.34949888529144e-06	0.00110377993666513	267.894368741314	2.99775733755092	0.281434486311675	10.6517057551755	1.71198884058768e-26	1.34005926497e-23
rfc2	434.484771619101	0.856507732407343	0.278618799660423	3.07412038760932	0.00211124217988922	0.0926850290320163	434.484771619101	0.895599127935714	0.266249736398442	3.36375592348175	0.000768895102870787	0.0063352909660222
rhou	1137.66873210635	0.638304918580019	0.150522294860076	4.24060049824102	2.22922596305164e-05	0.0037805229345999	1137.66873210635	-0.5361358905177	0.140521999306205	-3.81531641426073	0.000136008542489778	0.00152960756657865
rpn2	1789.19444400656	3.69537014781104	0.164089621741044	22.5204379692144	2.61768555138328e-112	3.2406947126125e-108	1789.19444400656	0.965492259969974	0.136247856596177	7.08629320189292	1.3775180568745e-12	1.26853206943355e-10
rrm2.2	9204.97451935249	-1.02896365563162	0.285455477955824	-3.60463797366978	0.000312588352702596	0.0240362969345226	9204.97451935249	-1.12789525197216	0.267327711502506	-4.21914827173308	2.45226967428889e-05	0.0003663194823568
rufy3	517.742230193307	0.783684645733556	0.252409297594745	3.10481687165027	0.00190396865781818	0.0872575389449167	517.742230193307	0.751739815813048	0.236554817920794	3.17786728006848	0.00148362647644609	0.0105765812790362
sdad1	943.355569349831	-0.421297563493909	0.125158744386301	-3.36610570487652	0.000762374877708583	0.0460400048099134	943.355569349831	-0.254608619511433	0.113219205360569	-2.24881122156424	0.0245245091317968	0.0917617568016919
sdhd	321.743785269658	-0.710026456974967	0.19642431543414	-3.6147584651404	0.000300627765138035	0.0232756581898389	321.743785269658	-0.594525404638342	0.179918806892922	-3.30440944393419	0.000951767181408897	0.00747876385038897
sephs1	458.30629018579	0.686281078265097	0.198750648839158	3.45297528472714	0.000554439799127142	0.0371025119632109	458.30629018579	0.501530960771369	0.168224634748834	2.98131698440109	0.00287011541342949	0.0176410116989551
slc27a2	95.4001182718762	1.85490357190532	0.347600238023801	5.33631272075916	9.48557484104791e-08	4.69725666128693e-05	95.4001182718762	2.29721065648946	0.363912417352009	6.3125371571682	2.74497526140916e-10	1.54023611890181e-08
slc35a1	326.275743574354	0.908983475852484	0.27887084619184	3.25951417390967	0.00111603203889995	0.0600716375720929	326.275743574354	0.950710474661837	0.258560837012143	3.67693145508029	0.000236056437409936	0.00241919963399785
smcr7l	2196.06358360937	-0.394295878444608	0.126816762070104	-3.10917793522154	0.00187608696457619	0.0866640172442285	2196.06358360937	-1.06868382276424	0.119334887600691	-8.95533438922054	3.38707458729398e-19	1.17832561475749e-16
smn2	729.232025059924	1.08408520351889	0.2136292316881	5.07461078688738	3.88289952366782e-07	0.000160234320343359	729.232025059924	1.43945957463264	0.208496836074087	6.90398761792791	5.05627090275527e-12	4.10134305609501e-10
snai1	6113.17279849616	-1.17851282484649	0.155481133176357	-7.57978026510611	3.46140696814418e-14	4.76135758506944e-11	6113.17279849616	-1.05831249146038	0.144632575962031	-7.31724844434917	2.5310699663599e-13	2.75503561803602e-11
sox21	696.73910302338	0.816473319526086	0.215776721491017	3.78388045700323	0.000154402005886137	0.0147038217913106	696.73910302338	1.25193904896203	0.19811131948117	6.31937161511369	2.62629030881081e-10	1.49507544670666e-08
sppl3	2204.95082405605	0.483344734936384	0.116370075741364	4.1535139670325	3.27408218705507e-05	0.00509159835383559	2204.95082405605	-0.267034220879669	0.10828797790884	-2.46596368347062	0.0136645187677563	0.0588333446945062
stard3	818.851408945777	-0.556930137361756	0.171063389565349	-3.25569450469119	0.0011311538868272	0.0606220135018215	818.851408945777	-0.541633524837869	0.158071000260289	-3.42652051259234	0.00061136758320745	0.0052616599863181
stim1	890.235490069984	-0.562487064487605	0.18401609823642	-3.05672748133662	0.00223767615683986	0.0955256235230258	890.235490069984	1.27468579357334	0.171170242581815	7.4468889822603	9.55669725579672e-14	1.16882887140233e-11
tdgf1	1593.78071074275	-1.13492395759284	0.351116581479965	-3.23232800003096	0.00122786029217708	0.0630743170836192	1593.78071074275	-3.61262039515208	0.46286889662964	-7.8048458677116	5.95743085256181e-15	8.63551666637547e-13
tfap4	2661.95905750059	-0.65804488486463	0.214144985460725	-3.07289420505864	0.00211993629724554	0.0927378493282679	2661.95905750059	-0.763102422355827	0.199894625528859	-3.81752345935713	0.000134797973276875	0.0015181742961507
tgds	135.844251045503	0.943437804985762	0.255457133651798	3.69313548421678	0.000221505933400301	0.0182816230366381	135.844251045503	1.01176715961843	0.372333999087575	2.71736441500863	0.00658041105243823	0.033809102404306
tia1	2829.43689812169	0.553619052635929	0.120397538753835	4.59825888773242	4.26036390107016e-06	0.000930245168992822	2829.43689812169	-0.321526127541463	0.112203794500818	-2.86555485018931	0.00416279150823122	0.0237321562495848
timp3	174.566317707696	-0.836996351898164	0.246750646163586	-3.39207359701611	0.000693658054783349	0.0435913031381618	174.566317707696	1.05687272437009	0.254376852437489	4.15475195263611	3.25640614136864e-05	0.000464289964873644
tmeff1	436.77122482402	1.00659593033365	0.302297919206492	3.3298142870976	0.000869039259309571	0.0505103569495422	436.77122482402	0.591848288925687	0.225121580229447	2.62901623346135	0.00856322730462984	0.0415810556619045
tnik	433.302039603016	-0.948119842109942	0.223154009355314	-4.24872421001547	2.14991401235163e-05	0.00369665770457128	433.302039603016	-1.43210589485953	0.214888631048942	-6.66440978226233	2.65731075536992e-11	1.89091817615073e-09
ttl	359.117606156841	-0.635482965883285	0.187975550679813	-3.38066819639609	0.000723098037811477	0.0445370831249059	359.117606156841	0.790181627076394	0.185194737946014	4.26676068575308	1.9833171277254e-05	0.000304102151170823
ubr4	1746.82692986401	0.842772092393743	0.214262667971433	3.93335946188305	8.37668236630652e-05	0.00987821462357162	1746.82692986401	0.568350560190411	0.199395760743046	2.85036431101875	0.00436691785945541	0.0246534796573294
uchl5	240.947770165091	0.884479449539109	0.269819096053592	3.2780461519426	0.00104528303803724	0.0570070661273176	240.947770165091	1.1136150415558	0.268364748244073	4.14963235239445	3.3300969715916e-05	0.000473502889103238
wdr47	165.220374877705	-1.01678712193526	0.258227968211194	-3.93755614071854	8.23156771188326e-05	0.00987821462357162	165.220374877705	0.653755723796331	0.243014073283708	2.6901969707454	0.00714098564283908	0.0360516627761039
wnt8a	1047.0001449484	0.905534274986689	0.291947793232384	3.10169933110576	0.0019241328104011	0.0872575389449167	1047.0001449484	-0.800448240679944	0.276068683823714	-2.89945324327723	0.00373814093786342	0.0216984042944945
Xetro.A00137	57.0243155198151	-5.03673344144691	1.08062569134713	-4.66094178750092	3.14765747998445e-06	0.000779359992044149	57.0243155198151	-7.30383914058352	0.850184188877501	-8.59089034603993	8.62979632855339e-18	2.2147452708771e-15
Xetro.A01198	2327.81405319116	0.578613948748055	0.149169293763684	3.87890787808316	0.000104926478101465	0.0112955634686621	2327.81405319116	0.722009500374219	0.140866575900189	5.12548484805793	2.96773033788868e-07	8.05196160132535e-06
Xetro.A03025	987.858947926506	-1.34042344716799	0.336869919001624	-3.97905355022669	6.91901567701864e-05	0.00874055245729497	987.858947926506	-1.64777233276489	0.315086369571666	-5.22958938212688	1.698869496141e-07	4.85324853322762e-06
Xetro.C00386	654.312684147764	-0.584597442808362	0.192219450895434	-3.04130222037924	0.00235557262883401	0.0990087463907639	654.312684147764	0.452665470657034	0.17228625635936	2.62740325445839	0.00860393039903969	0.0417527992551042
Xetro.D00695	406.806330004494	-0.750218132044991	0.189773545354532	-3.95322820492943	7.71038365615817e-05	0.00937210733315451	406.806330004494	-0.548039502029199	0.17010449552799	-3.22178141340787	0.00127396286601043	0.00940305924912462
Xetro.D01070	1458.65052333994	1.64066837709205	0.468622345916633	3.50104597313403	0.00046343589070647	0.0325985018576483	1458.65052333994	-1.68231715330307	0.431871642631681	-3.89541008770938	9.80327237742506e-05	0.00116796216947176
Xetro.D01520	59.144077244794	1.95625844435854	0.569055591510201	3.43772818252586	0.000586616235654434	0.0383075311601641	59.144077244794	2.02653939072123	0.580157299874954	3.49308608399486	0.000477472561397922	0.00430577934832055
Xetro.D02419	1694.78149424586	-1.13636812831021	0.370308007713346	-3.06871065340253	0.00214984701466779	0.0933863369880254	1694.78149424586	-1.55036465166911	0.346835499275701	-4.47002874534685	7.82090852769085e-06	0.00013818998081377
Xetro.E01322	384.323975725928	-2.32830233856362	0.495675827398614	-4.697227925725	2.63716117838186e-06	0.000694639476348242	384.323975725928	-4.0333047555019	0.454067777354695	-8.88260510137738	6.5312489989859e-19	2.17546176764094e-16
Xetro.E01370	66.5007984126557	-0.880935348411023	0.289702089514279	-3.04083187624922	0.00235925526536958	0.0990087463907639	66.5007984126557	-2.89410002210421	0.436182405452786	-6.63506823274987	3.24352458640422e-11	2.27701243946897e-09
Xetro.G01392	184.751157845223	1.3152885414984	0.336692337951308	3.90649977217069	9.36427316030963e-05	0.0105873187217857	184.751157845223	2.15368634359507	0.297416020269358	7.24132594352031	4.44319132462451e-13	4.48762323787076e-11
Xetro.I00996	379.121129732429	-0.721566340130773	0.222055019065296	-3.24949349565747	0.00115610722069948	0.0610216983308157	379.121129732429	-3.99362746159088	0.342184796483658	-11.6709669822564	1.79372713920091e-31	2.55279985129003e-28
Xetro.J00595	71.7718825956465	1.74616038846381	0.56981736891564	3.06442113512044	0.00218091666954401	0.0937491262810932	71.7718825956465	1.27294089679601	0.400039846455572	3.18203525992349	0.00146244012968739	0.0104588854409575
Xetro.K00823	95.7575185445351	-1.14170807029258	0.283547731471512	-4.02651103702194	5.66105833891666e-05	0.00756470127169452	95.7575185445351	-0.941136915107049	0.317235207732884	-2.96668494595183	0.00301029250638726	0.0183441530507951
Xetro.K02408	85.3940542949798	1.26810378359433	0.326563341325835	3.88317861535185	0.000103099775020958	0.0112953558828271	85.3940542949798	1.19428142848298	0.310325507924297	3.84847973494439	0.000118853126952824	0.00137114642774241
Xetro.K03335	326.352147244847	-0.668634317151552	0.21655055919192	-3.08765915750404	0.00201739710347964	0.0895574931588594	326.352147244847	-0.783828007762688	0.193963661101996	-4.04110751111525	5.31993604424956e-05	0.000704598974388552
Xetro.K03754	163.379776114264	0.684786883879921	0.216330917457366	3.16546008276824	0.00154837905422986	0.0751317768663554	163.379776114264	0.895132732290069	0.219121323360466	4.0851009776786	4.40576523676439e-05	0.000602904325013519
zc3h6	755.126972398107	0.964035239682546	0.246730120014481	3.90724585885973	9.33541498388335e-05	0.0105873187217857	755.126972398107	-1.02108972070857	0.22965423360161	-4.44620464728679	8.74006914845892e-06	0.000152028647243471
zfyve21	367.348041498845	1.37145342554426	0.208146122120099	6.5888973168231	4.43105093718771e-11	4.57136755019865e-08	367.348041498845	1.00543352295295	0.212920958151382	4.72209749421712	2.3342473225944e-06	4.89847745780365e-05
znf329	343.411858507897	-1.04390504688027	0.324966754303926	-3.212344133837	0.0013165656641045	0.0670744153152827	343.411858507897	-1.04327967472242	0.284928416964716	-3.66155010383402	0.000250693819168736	0.00254844918122504
znf385b	34.4483400554396	-1.46176228058494	0.398051841102501	-3.67229121849112	0.000240385522651235	0.0195787682264624	34.4483400554396	1.39384155674676	0.354061469532724	3.93672194431744	8.26022237528347e-05	0.00101581917741605
