baseMean	log2FoldChange	lfcSE	stat	pvalue	padj
Xetro.A00137	57.0243155198151	-5.03673344144691	1.08062569134713	-4.66094178750092	3.14765747998445e-06	0.000779359992044149
Xetro.A00232	60.8985963880274	2.32887216203589	0.449596981342608	5.17991058365495	2.21992284157761e-07	0.000101787573254559
Xetro.A00691	42.1555950245527	1.60874840198732	0.435361226369473	3.69520367122001	0.000219710593927302	0.0182551486766443
Xetro.A00692	64.2999942354859	1.21256140558246	0.368979135873271	3.2862600827352	0.00101527220416056	0.0556153534845472
Xetro.A00693	690.115747285163	1.11024335121033	0.295175291906638	3.7613017811853	0.000169031344660202	0.0153868238742154
Xetro.A01198	2327.81405319116	0.578613948748055	0.149169293763684	3.87890787808316	0.000104926478101465	0.0112955634686621
Xetro.A01936	1017.13424820109	1.64015738313074	0.505453235046179	3.24492409862783	0.00117481933240055	0.0612022205982488
Xetro.A02927	1252.93979622162	-0.437382193031709	0.128117552871823	-3.41391310735769	0.000640369955191174	0.0410765805454235
Xetro.A02968	102.330852659868	-2.61328410585383	0.385747411524889	-6.77459920086908	1.24751612350206e-11	1.54442496089555e-08
Xetro.A03025	987.858947926506	-1.34042344716799	0.336869919001624	-3.97905355022669	6.91901567701864e-05	0.00874055245729497
Xetro.C00142	927.379136284735	1.64110573577425	0.326120354506832	5.03220885508964	4.84860617673664e-07	0.000178513694819242
Xetro.C00386	654.312684147764	-0.584597442808362	0.192219450895434	-3.04130222037924	0.00235557262883401	0.0990087463907639
Xetro.D00228	533.299345906548	1.83570988428653	0.410905016855466	4.46747985297106	7.91464625520026e-06	0.0015074357021443
Xetro.D00695	406.806330004494	-0.750218132044991	0.189773545354532	-3.95322820492943	7.71038365615817e-05	0.00937210733315451
Xetro.D01070	1458.65052333994	1.64066837709205	0.468622345916633	3.50104597313403	0.00046343589070647	0.0325985018576483
Xetro.D01520	59.144077244794	1.95625844435854	0.569055591510201	3.43772818252586	0.000586616235654434	0.0383075311601641
Xetro.D01561	134.413317777761	0.607068448673313	0.184511707384624	3.29013512084546	0.00100139283049727	0.0551855970219358
Xetro.D02419	1694.78149424586	-1.13636812831021	0.370308007713346	-3.06871065340253	0.00214984701466779	0.0933863369880254
Xetro.E00064	1314.09357884719	0.779530736275963	0.226441044876404	3.44253285309404	0.000576293860979464	0.0379495638240732
Xetro.E01322	384.323975725928	-2.32830233856362	0.495675827398614	-4.697227925725	2.63716117838186e-06	0.000694639476348242
Xetro.E01370	66.5007984126557	-0.880935348411023	0.289702089514279	-3.04083187624922	0.00235925526536958	0.0990087463907639
Xetro.F01607	83.5918484715552	0.987078323560417	0.324004519917157	3.04649553596597	0.00231525917082046	0.0981606456669772
Xetro.G01392	184.751157845223	1.3152885414984	0.336692337951308	3.90649977217069	9.36427316030963e-05	0.0105873187217857
Xetro.G01922	461.550807451321	0.584484800482679	0.18832726173364	3.10355917195538	0.00191207995068375	0.0872575389449167
Xetro.H00044	211.947136504464	-0.728974704658705	0.224680393966253	-3.24449628999759	0.00117658550100026	0.0612022205982488
Xetro.I00996	379.121129732429	-0.721566340130773	0.222055019065296	-3.24949349565747	0.00115610722069948	0.0610216983308157
Xetro.J00595	71.7718825956465	1.74616038846381	0.56981736891564	3.06442113512044	0.00218091666954401	0.0937491262810932
Xetro.K00276	1018.64156593198	1.78106155986556	0.375246178727838	4.74638160448089	2.07087848643867e-06	0.000569721681380239
Xetro.K00726	319.24095646766	1.3626181038542	0.407572125074669	3.34325637113814	0.000828013645713659	0.0490469326982541
Xetro.K00728	628.552669677495	2.44446065317768	0.711192866201336	3.43712763351265	0.00058791849114953	0.0383075311601641
Xetro.K00823	95.7575185445351	-1.14170807029258	0.283547731471512	-4.02651103702194	5.66105833891666e-05	0.00756470127169452
Xetro.K01092	222.75576232377	-1.04324174576685	0.315927487986297	-3.30215567001278	0.000959448062822904	0.053264426088554
Xetro.K02408	85.3940542949798	1.26810378359433	0.326563341325835	3.88317861535185	0.000103099775020958	0.0112953558828271
Xetro.K03038	70.4888502878633	-1.03789960865581	0.307744261818823	-3.37260426082891	0.00074460889342426	0.045187539708786
Xetro.K03335	326.352147244847	-0.668634317151552	0.21655055919192	-3.08765915750404	0.00201739710347964	0.0895574931588594
Xetro.K03754	163.379776114264	0.684786883879921	0.216330917457366	3.16546008276824	0.00154837905422986	0.0751317768663554
Xetro.K05203	456.843227573638	0.914469463939284	0.240048153576822	3.80952509033413	0.000139233977303329	0.0135116945049965
abhd6	54.1955558217998	-1.04036174229327	0.334147271457056	-3.11348268012708	0.00184893361619858	0.0857295811555748
aco2	370.637870923701	0.848353571741267	0.168390762514414	5.03800540524692	4.7040816215467e-07	0.000178513694819242
acpl2	564.932426313197	-1.02813666833425	0.245523090325967	-4.18753554693878	2.81999864045463e-05	0.00459362936431952
adh5	172.736269464348	1.23705185145288	0.352315431474519	3.51120541690592	0.000446079557067294	0.0319217625230815
afg3l1p	212.880263947967	-0.706680756931139	0.210622883931299	-3.35519457212276	0.000793091806650634	0.0474322539436466
agr2	2210.75009882132	-2.06801309884301	0.459543624477985	-4.50014533700072	6.79070171045892e-06	0.0013344267805632
ahsa1	738.975523550819	0.757045679502128	0.243069354425206	3.11452540486783	0.00184241089949091	0.0857295811555748
aldoa	2244.15235404981	0.76527235904788	0.172233301840466	4.44323107593169	8.86179012982449e-06	0.00163744719115265
alg5	410.368868276022	1.0619689713999	0.252229206550399	4.21033307729851	2.54994468851409e-05	0.00420910869917392
alpl	503.150350035165	2.99882853339672	0.321640445303308	9.3235430344241	1.12518806316062e-20	4.64327607397614e-17
ankrd39	147.838508939081	1.16715278109575	0.341732936800316	3.41539446570161	0.00063689704078873	0.0410665904425233
arhgap11a.2	235.393740108438	-2.08376490769321	0.251761681608548	-8.27673573825723	1.26597747212255e-16	3.91820027621929e-13
arhgef40	500.567689455405	-1.09791043348237	0.314415918355489	-3.49190473314725	0.000479589267294419	0.0333557029724995
arhgef5	326.448792994345	0.907419998687946	0.23996478764868	3.78147147162462	0.000155904090781056	0.0147335316325914
arl5c	2369.25129789654	-0.804365745004901	0.168766079544155	-4.76615767325716	1.87772335856531e-06	0.000553481313786631
arrdc2	121.883725219767	-0.992249152638236	0.252918650664349	-3.92319486930626	8.73824159079477e-05	0.0101102271863588
arv1	75.554154064533	1.43020187739173	0.241351898686007	5.9257950120889	3.10790083116089e-09	2.56505415265146e-06
aspg	1415.35862115292	0.543349981346595	0.154569287251491	3.51525190423205	0.000439337041855563	0.0316220498730922
atf6b	257.22588910514	-0.740954737793553	0.218811276598037	-3.38627309027911	0.000708488407397449	0.0440758114752785
atg4a	110.387779803794	-1.08087586960664	0.275160292226599	-3.92816805382851	8.55953918619889e-05	0.00999689576652286
atp10d	772.047257448855	0.983938215919507	0.314787498613118	3.12572201963075	0.00177369125919713	0.0838102969040476
atp11c	1103.56203626773	0.615853515784204	0.195610032621248	3.14837387188958	0.00164181558057664	0.0787816933625537
atpaf2	263.730781023413	0.980768509468141	0.241977338860215	4.05314197638445	5.05343125636668e-05	0.00710925897202494
baz1a	1232.46290756849	-0.677820697471336	0.199608726265455	-3.39574682005594	0.000684416352697216	0.0432299716652629
bcs1l	239.965472392024	1.49835253629303	0.442253342502179	3.38799595683247	0.000704053021669352	0.0440210929710433
birc5.1	370.840785374626	0.737554030895764	0.242866943995228	3.03686462539033	0.00239052789795364	0.0999822141103585
bloc1s1	124.576180630219	-1.1917754403242	0.347925865663402	-3.42537177582875	0.000613958660927685	0.039794807446517
brd2	3724.59245906151	-1.07195586262802	0.274668018779823	-3.90273271489723	9.51127170161768e-05	0.0105873187217857
btg4	169.920728910572	-1.80175817171869	0.48213384904798	-3.73704973271724	0.000186192107067957	0.0162821770915696
c14orf43	910.656288081939	-0.909783377095953	0.280024017381095	-3.2489476638634	0.00115832787623116	0.0610216983308157
c15orf39	1282.75260735849	0.644811417491672	0.171187821324897	3.76668978260952	0.000165426342918884	0.0151702083358206
c19orf53	328.560678072308	1.52487944337089	0.384241644014051	3.96854288733766	7.23134442387082e-05	0.009042832723992
c1orf93	1543.49817095567	-1.3748159803395	0.298084478600094	-4.61216896228917	3.98488863798729e-06	0.000899121912194741
c21orf2	47.5455652814698	1.53203350640938	0.423846393475246	3.61459606591853	0.000300816260934913	0.0232756581898389
c2orf44	522.238608038207	-1.44892211735527	0.256329542103077	-5.65257560820914	1.58061232545341e-08	1.08711003272851e-05
c5	1467.93376778662	2.03560837602226	0.547249717170746	3.71970658394536	0.000199454352373788	0.0170292750509483
c5orf24	67.5208646795311	-1.16431450702245	0.323740709828709	-3.5964414473499	0.000322600156312813	0.0245017787432676
calr	17759.6029164983	0.742270194222843	0.160341641615004	4.62930394591509	3.66896906372769e-06	0.000887273540433241
camk4	42.2335176010152	3.69329270281895	1.00084533877264	3.69017325628766	0.000224101368608179	0.0183733439958229
capza2	1843.88116054163	0.643590936998801	0.153805050918937	4.18445904834429	2.85845969160183e-05	0.00459580921844554
caskin2	571.363767867365	1.00660400623157	0.324533777353872	3.1016925709214	0.00192417674733136	0.0872575389449167
cct3	1174.72159038658	1.14057980553866	0.274883570357328	4.14931967034621	3.33464862324963e-05	0.00509159835383559
cd276	210.215621810015	1.18485799174477	0.356947073453984	3.31942206523657	0.000902039794642343	0.0514619938141576
cdc25b	3505.30703542641	0.55950897083805	0.178818460795107	3.12892174750986	0.00175449025924392	0.0835407284978451
cdc37	1050.75457971423	0.741471533314604	0.191447733015499	3.8729710800732	0.000107516589872194	0.0113765417317757
cdc6	8687.59763003747	-0.696418347602855	0.188283447568411	-3.69877626842274	0.000216641457942744	0.0181217651981836
cdh26	743.177122758366	0.913838445457402	0.296171140757204	3.08550807185684	0.00203204708438396	0.0898455103738335
cdk1	888.455961237497	-0.677940002716534	0.208519687724595	-3.25120380772837	0.00114917446234612	0.0610216983308157
cdk5	150.333150432815	1.17814129392146	0.289618494249684	4.06790766927256	4.74371693512793e-05	0.00675025467320503
cdk5r1	308.756132814591	1.89432307560314	0.531049110849181	3.56713350404447	0.000360907631732014	0.027079008974802
cenpl	716.584146676124	-0.611212933222771	0.151675212722862	-4.02974831714638	5.58366041768992e-05	0.00756470127169452
cep57	444.200539332408	-0.633419857415941	0.200165662468463	-3.16447811080353	0.00155361347962738	0.0751317768663554
cep85	704.946459684448	0.860764816097848	0.152895874722984	5.6297451952669	1.8047604031836e-08	1.11714668957065e-05
chad	120.515523844751	-2.98195200574225	0.80576335266921	-3.70077888981187	0.000214938705550526	0.0181016406443232
chd8	2609.97144520043	0.696923687636245	0.191224695108406	3.64452764451347	0.000267883342057985	0.021258947273576
cir1	505.03402743821	0.707584337658297	0.200901172982347	3.52205179867453	0.000428220463765434	0.0311845255377416
cpne3	1044.54240387498	1.4676697700079	0.383828033881132	3.82376908525244	0.000131427010414953	0.0131215031365897
cpsf7	2735.61449383707	-0.483594475059321	0.128847233496513	-3.75323910289784	0.000174564203564495	0.0157744878841493
creb1	1485.88031351608	0.817762014679048	0.171927809001539	4.75642666202842	1.9704977798875e-06	0.00056732005848854
cse1l	790.6753325054	0.567203507089587	0.170770992273642	3.32142771754061	0.000895581765250822	0.0513301030268758
ctdsp2	3426.94076441597	0.512233860324244	0.0900294801242068	5.68962366124468	1.273196590768e-08	9.27186693747519e-06
cyb561	1026.95822587749	-4.37502759384668	0.852086598215506	-5.13448703806531	2.82914590328237e-07	0.000120775263043572
cyb5b	619.09834293524	0.625957456665159	0.1399678600331	4.47215136758631	7.7436581462377e-06	0.00149791387266285
cyb5r4	217.158314056358	0.701550651724635	0.20349822707707	3.44745338473606	0.000565898052673336	0.0376359695657229
cygb	1925.54928276904	1.57524002020488	0.381829455367676	4.12550681478472	3.69919227931028e-05	0.00551759041179052
dars	414.447874300362	0.860535056025078	0.24183316601624	3.5583831208962	0.000373144768470175	0.0273345102583477
dbf4b	1058.75475302706	-0.475451216097072	0.116708032657926	-4.0738516901457	4.62419353464328e-05	0.00666357323367338
dbn1	1538.92337333712	0.489706433623666	0.109915690568693	4.45529142463621	8.37793120675254e-06	0.00157149679302419
degs1	1577.50426667784	-1.43350598620682	0.187379649068585	-7.65027575477059	2.00548780884199e-14	3.54684843906626e-11
degs3	982.731053540488	1.98202684157809	0.414908768357227	4.77701845016591	1.77913455270469e-06	0.000537211847865466
dlc	2211.86072054896	1.58938045552389	0.409625756836536	3.88007938709319	0.000104422376793317	0.0112955634686621
dlx3	694.012582202744	1.97696548936444	0.451134402915576	4.3822095512729	1.174817291641e-05	0.0021388585397817
dmrta2	181.589533561799	-1.48383465131468	0.384596628754739	-3.85815823742162	0.000114244677034154	0.0118263192496102
e2f7	2495.64596925602	0.904386512106981	0.286636471431097	3.1551690110879	0.00160405155153367	0.077269098085552
eef1b2	1957.59060066663	-0.854179461148692	0.274908371439703	-3.1071424150357	0.00188905369644239	0.0869386050630362
egflam	1120.06878011623	1.42898250643582	0.448282973130068	3.18767964006791	0.00143419339228563	0.0719484444991864
eif2b3	369.594465326632	1.37518662166175	0.221629928170685	6.20487780243591	5.47394193180184e-10	4.84052865112191e-07
elavl3	1416.54100267233	0.997050353991973	0.278621259304297	3.5785149937286	0.000345552047624694	0.0260849655463031
emb	311.005431477423	1.45838319556133	0.415732334872673	3.50798596411316	0.000451512871081493	0.0321248812872925
enoph1	247.271502431971	-0.721695119238423	0.226897540118341	-3.18070931426587	0.00146914963811546	0.0730444679512828
eps8l1	1063.71936534954	-0.803502793225258	0.260241600421548	-3.08752632908696	0.00201829891690806	0.0895574931588594
erbb3	343.404499062837	1.08528112460105	0.304938198225494	3.55901992901037	0.000372241288240262	0.0273345102583477
etv6	722.808097554627	0.761224107427717	0.21009112434315	3.62330445804259	0.000290863113530989	0.0227904135792003
fam177b	473.324411515312	-0.765845508355501	0.251830276235833	-3.04111769165636	0.00235701679887681	0.0990087463907639
fam195a	216.017487082979	-0.953907375572358	0.204592087529415	-4.66248420010481	3.12415079005421e-06	0.000779359992044149
fam195b	1141.0579246905	-0.583438239247066	0.176110644771866	-3.31290729190648	0.000923315800142268	0.0517223964061596
fancd2	71.4159790029108	-1.24025797358482	0.32483422342916	-3.81812593664502	0.000134469281196191	0.0133178376096708
fez2	296.347913987073	0.804656274330863	0.24729017485649	3.25389504373892	0.00113834328783124	0.0607443530316841
fgfr4	5681.3907364349	-0.848462538938762	0.225191240484278	-3.76774219598474	0.000164730692238414	0.0151702083358206
figla	43.1577247480973	1.8083278724407	0.362543110232477	4.9878974979862	6.10399377826943e-07	0.000204236332364799
flna	7066.87494499284	-0.840217860186467	0.184419981216668	-4.5560023086616	5.21363633889422e-06	0.0010939799639917
fos	77.3545648786828	-1.29645782063825	0.251148733797571	-5.16211171378316	2.44179488702423e-07	0.000107962216790571
foxh1	2178.3139361838	-0.893148977912908	0.193384072869402	-4.61852398008019	3.86479322355899e-06	0.000899121912194741
foxi1	647.112949937595	2.74092389905957	0.561415919442168	4.88216276763758	1.0492858707996e-06	0.000333081002064079
foxn3	1921.91205391371	-0.634419801592193	0.169126786375196	-3.75114915377612	0.000176025940835946	0.0157913126633986
frat1	1182.99051729577	-0.924371906022032	0.228474152889615	-4.04584892571472	5.21338480715111e-05	0.00725187684410457
fscn1	3606.24904928118	1.07042061940579	0.211281557304759	5.06632302914059	4.05573448146931e-07	0.000161967718969645
fuk	163.719007847056	1.26198792517274	0.360295315107269	3.50264872247093	0.000460656537618784	0.0325881596326888
galnt5	317.930837734294	1.26701458894214	0.399689503219473	3.16999715713427	0.00152440429059186	0.0742997051871152
gapdh	7358.01039942821	1.20561721671529	0.319812392108171	3.76976391930277	0.00016340203791161	0.0151702083358206
gata2	4319.36013637182	-0.603143425843596	0.175016041257668	-3.44621796670407	0.000568491624296461	0.0376359695657229
gins3	114.71891853269	1.25564997490721	0.391865689131411	3.20428659546698	0.00135397623928086	0.0686976468946601
gmnc	37.215637420167	1.46155461238586	0.477940125888066	3.05802868020367	0.00222798251494571	0.0954409118859098
gne	918.548955033523	-0.508447097148146	0.151918779317659	-3.34683506168117	0.000817398297435865	0.0486509178954616
gns	1064.06432085677	0.769803609277931	0.213936371726356	3.59828299912732	0.000320324959170619	0.0244791542872362
golph3	993.222143404022	-0.618534126757833	0.182002570350726	-3.39849116177806	0.000677586522915007	0.0430180571983989
got2	960.229569865792	-0.999946427162555	0.221098487926565	-4.52262897200218	6.10762479352716e-06	0.00123954745809617
gpbp1	579.779816273554	-0.990633442694892	0.231675871447827	-4.27594568439115	1.90327626541169e-05	0.00336608002368525
gpi	521.08971402595	-0.587146889052434	0.177065713446619	-3.31598296261599	0.000913213959937182	0.0516236932603758
gps2	138.82728892497	1.22581902263541	0.30547403190239	4.01284199184272	5.99920721953118e-05	0.00781791425029432
gtf3a	568.293763369153	-0.740737952937214	0.221937978967357	-3.3375898815685	0.000845083841186183	0.0498145040891645
has-rs	1322.95471640358	1.70571496695887	0.410253228282719	4.15771247943333	3.21450243990895e-05	0.00509159835383559
hdac3	457.022414792808	0.746651458373968	0.204186556217286	3.65671213720562	0.00025547099835846	0.0204047158688886
hiat1	948.200826006308	1.04383375297612	0.188442367643865	5.5392731795264	3.03729545131832e-08	1.79055798511052e-05
hmg20a	645.880266315889	1.77821780169908	0.227087981202192	7.83052362474356	4.85842229752274e-15	1.00245446738886e-11
hnrnpk	33451.9941876873	0.548410558033036	0.157722357512584	3.47706290142968	0.000506938872924215	0.0344829848725373
hoxb6	323.385877259323	-2.06005994405487	0.617715784870935	-3.33496406358678	0.000853104233017753	0.0498180679469801
hvcn1	49.6029885130243	-1.13174672061184	0.340337849981872	-3.32536249104272	0.000883036463699252	0.0510840720588633
ifrd1	923.700315518751	-2.14906648144633	0.444568837413086	-4.83404661008537	1.33785240418548e-06	0.000414065319095407
ikbip	386.315413391716	0.562092083680092	0.161537942499097	3.47962884127507	0.000502108871349246	0.0344829848725373
insm1	417.556801633446	1.01754939121119	0.328925990253643	3.09355119802643	0.00197776424672508	0.0887127586031034
itga5	2469.22321570505	-1.2404634101469	0.163451885510809	-7.58916549827669	3.21972312034709e-14	4.76135758506944e-11
jph1	341.902946475123	-1.30686894909919	0.197385670644605	-6.62089068994388	3.57040929496149e-11	4.01833337014757e-08
kbtbd10	1633.82312640205	-1.08842542277155	0.332957812608262	-3.26895895382434	0.00107943959240331	0.0586116761138289
kcnk5	552.914156326861	1.11452890678875	0.235357303776871	4.73547618409741	2.18541368462563e-06	0.00058816133512316
kiaa1191	671.391176023228	0.930420671595951	0.189540479399851	4.9088230363349	9.16246081921665e-07	0.000298503328794479
kiaa1324	831.89336480371	0.909203036801268	0.280340624053792	3.2432082930186	0.00118191770159313	0.0612223478900542
kiaa1432	420.27669373318	0.868713266415912	0.273515714766378	3.17610001735337	0.00149269477284619	0.0739182451513432
kiaa1715	555.400824640868	-0.78202680179179	0.200389141154851	-3.90254081276528	9.51881815356931e-05	0.0105873187217857
klf10	546.355559415169	-0.874337607353314	0.274308883735778	-3.18741994588663	0.00143548188944257	0.0719484444991864
klhl7	1335.41829834327	-0.632514196854167	0.146050373507444	-4.33079479130485	1.4857209466405e-05	0.00266568482889991
lamp2	441.347013723916	-0.631373527571777	0.19192478557325	-3.28969249951725	0.00100296925120643	0.0551855970219358
lig1	469.823075720361	0.822602909311302	0.231140050493303	3.55889387215971	0.000372419970621786	0.0273345102583477
lmnb3	1502.21928936845	-0.786532687191287	0.23124586729877	-3.40128321590754	0.00067070301440531	0.0428005325687512
loc388630	470.917086197871	0.831667971133883	0.216549546715789	3.84054357881158	0.000122762176230757	0.0123560629409494
loc398404	384.373967841138	-1.03017515937974	0.33725767349682	-3.05456403318709	0.00225387894554424	0.0958866712915385
lonrf3	2131.39261609568	-4.07259201478826	0.504483844040388	-8.07278976898656	6.87098562134345e-16	1.70125603984464e-12
lpin2	536.435376402897	0.975794558644931	0.273722898590992	3.56489926004694	0.0003639959690444	0.0271462054022269
lrp5	566.28663571881	-0.467799000934635	0.151304883922113	-3.09176405155199	0.00198970932905894	0.0889263591832119
map2k6	2966.17278560788	0.520572297027065	0.169814223819267	3.06554000789185	0.00217277306307763	0.0937244965885055
march7	2125.35967628501	-0.719147114750587	0.176537992317867	-4.07361104150161	4.6289765597408e-05	0.00666357323367338
mat2a	4265.7459182409	0.594928121327682	0.162242240844655	3.66691262540757	0.000245496632903607	0.0197353786710821
mcoln1	1431.60513942962	0.52884832279111	0.15955983271272	3.31442013820155	0.000918334085636778	0.0516771635462878
mespa	314.106615939934	-1.09226366788526	0.236847792738068	-4.61166918744816	3.99448345482316e-06	0.000899121912194741
mff	662.426278740831	0.500512287796952	0.130044018839603	3.84879129592486	0.000118702084430811	0.0120453426660118
micu1	274.820651099395	1.11811694049993	0.209136416056015	5.34635221156538	8.97444934822849e-08	4.69725666128693e-05
mov10l1	379.705811311695	-0.728743840655696	0.2296358621993	-3.17347575276906	0.00150625482559435	0.0739977569081668
mras	257.49018184202	0.776131703317203	0.154468709778705	5.02452376555164	5.04683305224027e-07	0.000178513694819242
mrps15	517.182786878796	-1.10156202640191	0.260523138186979	-4.22826945072076	2.35495660645872e-05	0.00393977875512959
mttp.2	68.4837299692218	0.996627696646037	0.266312958864182	3.74231768854444	0.000182330805918097	0.0161232526947575
myt1	1498.13788263024	1.97871911361771	0.503066150945232	3.93331793423154	8.37813033501632e-05	0.00987821462357162
ndor1	202.831210522936	0.81225428294569	0.210207590827971	3.8640578094557	0.000111518810632163	0.0117000243697134
ndufab1	961.41076000594	-0.815573067805215	0.25692650784901	-3.17434380217595	0.00150175694670431	0.0739977569081668
ndufaf4	233.322583170971	0.937411819598427	0.225925083751737	4.14921532408736	3.33616888608804e-05	0.00509159835383559
nexn	852.628123293438	1.30726299315226	0.374228956974314	3.49321710356578	0.000477238342388766	0.0333557029724995
nfe2l1	776.483723079115	-0.760833972672161	0.207388244411278	-3.66864561119158	0.000243838802997141	0.019730224713102
nfil3	221.398654244259	-1.25540030663997	0.359847146613162	-3.48870435254426	0.000485367659846386	0.0335690035133981
ngfr	7088.79827373811	0.700393444998661	0.152444517488831	4.59441544068631	4.33964054535535e-06	0.000930245168992822
nin	874.330416389261	-0.769027169316537	0.211355273970586	-3.63855206860635	0.000274175199852084	0.0216196749947057
ninj1	52.7112048417823	2.95411192801721	0.878807291729126	3.36150138468326	0.000775199679411864	0.0465872428695091
nkiras1	35.4838910022685	1.35852938740545	0.350511789912827	3.87584505429423	0.000106255286472279	0.0113400038493691
nol6	1167.09048651324	1.09209015410041	0.292706491711055	3.73100763060106	0.00019071544634979	0.0163962307347945
nr2e1	59.3746731600235	1.79254286222621	0.515423241132842	3.47780759417523	0.000505532656566092	0.0344829848725373
nup35	3222.0938674356	-0.812501996407096	0.219436581106118	-3.70267342077379	0.000213339433022173	0.0180900149370856
nup98	7172.60044474393	-0.531063236672036	0.170309512404651	-3.11822416243106	0.00181944363392742	0.084998913917062
nusap1	674.197860535897	0.720320531917092	0.134398220205913	5.35959874180984	8.34069970458722e-08	4.69353919739954e-05
pabpn1l	125.054596362721	1.21967204436812	0.28586238793622	4.26664050899991	1.98438532822004e-05	0.00346009723427664
pcolce2	485.630305212503	0.932477398846636	0.281159785191411	3.3165390214387	0.00091139858980332	0.0516236932603758
pcyox1	583.088772428575	0.574512902513948	0.14384267065842	3.99403667829716	6.49578083408709e-05	0.00833366059244185
pias2	142.363347005493	0.855187184683006	0.257296895310897	3.32373689798964	0.000888199487431468	0.0511437658344259
pif1	230.789835752237	-1.5190940342788	0.393820258581948	-3.8573283145684	0.000114633142968758	0.0118263192496102
pitpnb.2	369.128896853448	1.46223401665625	0.259353760729932	5.63799041332926	1.72046084265267e-08	1.11714668957065e-05
plekhm1	332.742020303253	-0.957474743848467	0.208440016608176	-4.59352651870261	4.35817607444133e-06	0.000930245168992822
plrg1	3653.68296266007	0.61341146150048	0.196456887411297	3.12237188313106	0.00179400168695248	0.0844476839713752
plxnb3	444.569593957766	-0.818571502213162	0.261091661817061	-3.13518821901984	0.00171743880616706	0.0820922487272132
poldip2	450.65027659428	-0.965624386153874	0.232863642661273	-4.14673744307302	3.37246417620774e-05	0.00509159835383559
poll	329.144209599875	-0.655101636748499	0.198053850107664	-3.30769453051471	0.000940673546322393	0.0524573806462668
polrmt	416.205654601018	0.647662600681617	0.194126093672339	3.3362985285986	0.000849019415413061	0.0498145040891645
ppl	1917.19368764138	2.7318635133099	0.511357987600092	5.34236988480633	9.1739218435236e-08	4.69725666128693e-05
ppp6r3	2713.56120678674	0.913991140350419	0.181719149376196	5.02969083603989	4.91271327194436e-07	0.000178513694819242
pqlc3	162.510250324279	0.771205250859435	0.20640959960793	3.73628577510116	0.000186758412520427	0.0162821770915696
prc1.2	1024.71856316671	-2.16124845233095	0.20591090913753	-10.4960366664567	9.00833858188003e-26	5.57616158218374e-22
prkcsh	618.190499557716	-0.744258697504447	0.181626882675463	-4.09773424804253	4.17213876263654e-05	0.00614893784302861
prmt3	376.52954541252	1.23838387457727	0.267697199321007	4.62606212436416	3.72683554947726e-06	0.000887273540433241
prnp	171.365388070096	-1.36988969369898	0.36584737148379	-3.74442950934164	0.0001808041282643	0.0161032741576405
prpsap1	214.697672906436	1.09095527781204	0.355355449675469	3.0700395303023	0.00214030440528807	0.0932991849910786
psmb7	925.536534725028	1.71683297941223	0.29980523990408	5.72649423993227	1.02527241669278e-08	7.93304532416036e-06
ptma	13841.5795831557	0.620102663307244	0.154463098049725	4.01456834115563	5.95546864776333e-05	0.00781791425029432
pvrl4	201.798838208354	1.51339376808825	0.399178050481094	3.79127501190081	0.000149875883039555	0.0143834374575945
rab4b	343.171814970356	0.751613454418475	0.188241926927569	3.99280578288851	6.5296048260651e-05	0.00833366059244185
rad17	402.702647330908	-0.671221874220498	0.193482387137457	-3.4691626672129	0.000522083243675649	0.0353190740803526
rad51ap1	535.426331074804	-0.642928445587171	0.172279722226182	-3.73188694107066	0.000190050801417099	0.0163962307347945
rasl11a	70.0448641334994	-2.55320745405053	0.799681958324455	-3.19277861338797	0.00140910934349812	0.0712031578469663
rbbp4	2675.7434936351	-0.657467132278368	0.194819602239994	-3.37474835549889	0.000738832165630097	0.0450578434014808
rbm20	1327.42048243578	1.88133993961098	0.353029800687864	5.32912500855526	9.86870552377752e-08	4.69902209170637e-05
rbm23	267.894368741314	1.22990133903563	0.270272774383983	4.55059279218512	5.34949888529144e-06	0.00110377993666513
rcbtb1	609.351874554079	-0.963853363753689	0.247076250937666	-3.90103605707071	9.57818818126012e-05	0.0105873187217857
rfc2	434.484771619101	0.856507732407343	0.278618799660423	3.07412038760932	0.00211124217988922	0.0926850290320163
rfng	627.898331449487	-0.645816533082884	0.159902276912608	-4.03882011908964	5.37207414354307e-05	0.00738958643300702
rhbdd2	2005.71365284958	-0.567084456783463	0.1747032983445	-3.24598597826826	0.00117044604166521	0.0612022205982488
rhou	1137.66873210635	0.638304918580019	0.150522294860076	4.24060049824102	2.22922596305164e-05	0.0037805229345999
rpn2	1789.19444400656	3.69537014781104	0.164089621741044	22.5204379692144	2.61768555138328e-112	3.2406947126125e-108
rrm2.2	9204.97451935249	-1.02896365563162	0.285455477955824	-3.60463797366978	0.000312588352702596	0.0240362969345226
rufy3	517.742230193307	0.783684645733556	0.252409297594745	3.10481687165027	0.00190396865781818	0.0872575389449167
s100pbp	278.837680034936	-0.655737272480392	0.202608986109079	-3.23646687678186	0.00121019270514831	0.0624257737072338
scaf8	2024.84115871818	0.802889390671338	0.203115284738958	3.95287529298056	7.72176856204976e-05	0.00937210733315451
sdad1	943.355569349831	-0.421297563493909	0.125158744386301	-3.36610570487652	0.000762374877708583	0.0460400048099134
sdhd	321.743785269658	-0.710026456974967	0.19642431543414	-3.6147584651404	0.000300627765138035	0.0232756581898389
sephs1	458.30629018579	0.686281078265097	0.198750648839158	3.45297528472714	0.000554439799127142	0.0371025119632109
sh3d21	342.34256325962	2.25794715792868	0.482013810444332	4.68440345277088	2.8077647403945e-06	0.000724169322626749
sik1	167.011089902114	0.695054172936411	0.22230952360623	3.12651550712483	0.00176891175223342	0.0838102969040476
slc13a4	1277.55428504668	1.25546764538426	0.317455414017046	3.95478416794885	7.66037741672043e-05	0.00937210733315451
slc25a28	1338.32049362078	-1.67667795275002	0.259974806393787	-6.44938629249457	1.12303981537727e-10	1.06947945495159e-07
slc27a2	95.4001182718762	1.85490357190532	0.347600238023801	5.33631272075916	9.48557484104791e-08	4.69725666128693e-05
slc2a2	2870.01778931404	0.709586936692563	0.220662371587085	3.21571336149862	0.00130120728060222	0.0665658931151051
slc35a1	326.275743574354	0.908983475852484	0.27887084619184	3.25951417390967	0.00111603203889995	0.0600716375720929
slco4c1	439.701870381404	1.38062835347553	0.39221234563268	3.5201042722111	0.000431377174405838	0.0312306983575688
smcr7l	2196.06358360937	-0.394295878444608	0.126816762070104	-3.10917793522154	0.00187608696457619	0.0866640172442285
smg5	767.490730742721	0.703677167838479	0.225566919497035	3.11959381902065	0.00181100577996683	0.0849251952878386
smn2	729.232025059924	1.08408520351889	0.2136292316881	5.07461078688738	3.88289952366782e-07	0.000160234320343359
snai1	6113.17279849616	-1.17851282484649	0.155481133176357	-7.57978026510611	3.46140696814418e-14	4.76135758506944e-11
snai2	899.760025695626	-1.13702266120788	0.328090066332072	-3.4655808812482	0.000529087358840131	0.0355983777306567
sort1	454.055958873132	-1.23867342809238	0.260839327731176	-4.74879857599148	2.04628617304861e-06	0.000569721681380239
sox21	696.73910302338	0.816473319526086	0.215776721491017	3.78388045700323	0.000154402005886137	0.0147038217913106
sppl3	2204.95082405605	0.483344734936384	0.116370075741364	4.1535139670325	3.27408218705507e-05	0.00509159835383559
st3gal1	778.295287900158	1.69190367041277	0.518997645466317	3.25994479010131	0.00111433902932198	0.0600716375720929
stard3	818.851408945777	-0.556930137361756	0.171063389565349	-3.25569450469119	0.0011311538868272	0.0606220135018215
stard8	1017.87294649388	-0.669987887989641	0.133759221169317	-5.00890990641719	5.47391879527472e-07	0.000188241985237503
stim1	890.235490069984	-0.562487064487605	0.18401609823642	-3.05672748133662	0.00223767615683986	0.0955256235230258
sun1	679.172151428238	-0.988472509243257	0.245545793762041	-4.02561369143709	5.68269158536018e-05	0.00756470127169452
tab3	797.137431280666	-0.605805474576885	0.197484240199988	-3.06761427627541	0.00215774940364422	0.093401879780124
tcp1	4081.27825880248	-0.574923645857546	0.180455567777074	-3.18595681440973	0.00144276131762584	0.0720217141621286
tdgf1	1593.78071074275	-1.13492395759284	0.351116581479965	-3.23232800003096	0.00122786029217708	0.0630743170836192
tfap4	2661.95905750059	-0.65804488486463	0.214144985460725	-3.07289420505864	0.00211993629724554	0.0927378493282679
tgds	135.844251045503	0.943437804985762	0.255457133651798	3.69313548421678	0.000221505933400301	0.0182816230366381
tia1	2829.43689812169	0.553619052635929	0.120397538753835	4.59825888773242	4.26036390107016e-06	0.000930245168992822
timp3	174.566317707696	-0.836996351898164	0.246750646163586	-3.39207359701611	0.000693658054783349	0.0435913031381618
tmeff1	436.77122482402	1.00659593033365	0.302297919206492	3.3298142870976	0.000869039259309571	0.0505103569495422
tmod3	1688.55166547886	0.576858864160293	0.17083995259778	3.37660398161331	0.000733866274382833	0.044976556816136
tnfrsf21	175.133916273008	1.4181092147386	0.371633782538489	3.81587810734545	0.000135699484643433	0.0133330128562358
tnik	433.302039603016	-0.948119842109942	0.223154009355314	-4.24872421001547	2.14991401235163e-05	0.00369665770457128
tp63	1754.9759680921	1.0147902617543	0.327379132933651	3.09974020842667	0.00193690449422334	0.0875141519652733
trim29	4667.02908142131	-1.11369808144454	0.292409190987932	-3.80869724950099	0.000139700880180901	0.0135116945049965
tspan7	510.858835244081	-0.970294594241913	0.215451394711549	-4.50354287815572	6.68298763491398e-06	0.0013344267805632
ttl	359.117606156841	-0.635482965883285	0.187975550679813	-3.38066819639609	0.000723098037811477	0.0445370831249059
txndc9	535.508593445169	1.11141195849308	0.295012662054564	3.76733646194319	0.00016499855790053	0.0151702083358206
tyk2	1512.47155450692	-0.488125364046844	0.144238341291092	-3.38415819037841	0.000713968548739734	0.0441946531669896
ubr4	1746.82692986401	0.842772092393743	0.214262667971433	3.93335946188305	8.37668236630652e-05	0.00987821462357162
uchl5	240.947770165091	0.884479449539109	0.269819096053592	3.2780461519426	0.00104528303803724	0.0570070661273176
vamp7	241.438620744277	0.809607052401792	0.21033451742468	3.84914022821627	0.000118533139438344	0.0120453426660118
wdr36	1800.87707926871	0.481866940188754	0.151984718538195	3.17049598685578	0.00152178934870143	0.0742997051871152
wdr47	165.220374877705	-1.01678712193526	0.258227968211194	-3.93755614071854	8.23156771188326e-05	0.00987821462357162
wnt8a	1047.0001449484	0.905534274986689	0.291947793232384	3.10169933110576	0.0019241328104011	0.0872575389449167
xkr9	172.612704896894	1.00560073076083	0.324715668832001	3.09686543423654	0.00195578633830575	0.0880459449753645
yeats2	1155.03792339612	0.398584318077645	0.129376039740938	3.08082021119033	0.00206431255004387	0.0909472931300464
zc3h6	755.126972398107	0.964035239682546	0.246730120014481	3.90724585885973	9.33541498388335e-05	0.0105873187217857
zfyve21	367.348041498845	1.37145342554426	0.208146122120099	6.5888973168231	4.43105093718771e-11	4.57136755019865e-08
znf329	343.411858507897	-1.04390504688027	0.324966754303926	-3.212344133837	0.0013165656641045	0.0670744153152827
znf385b	34.4483400554396	-1.46176228058494	0.398051841102501	-3.67229121849112	0.000240385522651235	0.0195787682264624
